Published as a conference paper at ICLR 2021
-3.0-2.5-2.0-1.5-1.0-0.5 0.0 0.5
Client Learning Rate (log10)
1.0
0.5
0.0
-0.5
-1.0
-1.5
-2.0
-2.5
-3.0Server Learning Rate (log10)
1.0 1.0 1.0 1.0 1.0 1.0 1.0 1.0
2.9 1.0 1.0 1.0 1.0 1.0 1.0 0.9
19.7 15.8 1.0 1.0 1.0 1.0 1.0 3.7
38.0 31.7 16.3 2.8 9.6 24.3 4.0 1.7
35.8 40.3 39.7 37.6 40.8 39.8 39.4 3.2
33.0 35.8 40.8 44.1 48.1 33.8 37.7 10.6
23.4 29.6 36.2 42.4 43.4 38.3 24.7 8.0
14.3 23.2 30.1 33.6 31.5 23.3 13.0 2.6
7.0 11.6 15.6 21.3 20.1 12.2 5.2 1.0
CIFAR-100, FedAdagrad
0
10
20
30
40
50
60
Accuracy
-3.0-2.5-2.0-1.5-1.0-0.5 0.0 0.5
Client Learning Rate (log10)
1.0
0.5
0.0
-0.5
-1.0
-1.5
-2.0
-2.5
-3.0Server Learning Rate (log10)
1.0 1.0 1.0 1.0 1.0 1.0 1.0 1.0
29.4 1.0 1.0 1.0 1.0 1.0 1.0 1.0
49.4 32.1 1.0 1.0 1.0 1.0 1.0 1.0
51.3 49.9 34.1 4.3 1.0 1.0 1.0 1.0
48.6 51.8 48.6 40.0 22.9 8.7 4.9 1.0
41.1 46.6 51.9 51.8 47.8 36.3 21.1 10.5
29.4 40.3 48.1 52.3 53.7 52.4 46.4 10.4
17.4 31.1 42.1 47.9 51.8 52.0 46.4 15.7
10.1 18.2 27.7 35.2 38.0 36.8 30.6 3.4
CIFAR-100, FedAdam
0
10
20
30
40
50
60
Accuracy
-3.0-2.5-2.0-1.5-1.0-0.5 0.0 0.5
Client Learning Rate (log10)
1.0
0.5
0.0
-0.5
-1.0
-1.5
-2.0
-2.5
-3.0Server Learning Rate (log10)
1.0 1.0 1.0 1.0 1.0 1.0 1.0 1.0
30.6 1.0 1.0 1.0 1.0 1.0 1.0 1.0
50.1 31.4 1.0 1.0 1.0 1.0 1.0 1.0
52.1 50.0 16.8 1.0 1.0 1.0 1.0 1.0
48.3 51.5 49.7 41.1 26.4 7.4 5.2 1.0
41.3 47.2 52.0 51.6 49.3 37.7 25.3 10.5
28.6 41.4 48.3 51.7 53.9 52.4 46.9 1.8
17.4 30.7 41.3 48.3 51.4 51.6 45.1 12.7
9.3 17.8 27.4 35.2 37.5 35.7 28.6 1.8
CIFAR-100, FedYogi
0
10
20
30
40
50
60
Accuracy
-3.0-2.5-2.0-1.5-1.0-0.5 0.0 0.5
Client Learning Rate (log10)
1.0
0.5
0.0
-0.5
-1.0
-1.5
-2.0
-2.5
-3.0Server Learning Rate (log10)
48.3 50.3 41.7 1.0 1.0 1.0 1.0 1.0
44.2 48.5 48.0 37.0 17.2 1.0 1.0 1.0
31.4 43.7 49.6 52.4 51.4 25.9 1.0 1.0
20.4 33.9 44.9 51.3 53.6 52.5 34.2 1.0
10.5 20.8 31.4 39.1 43.1 45.8 29.1 1.0
3.7 9.7 16.9 24.8 26.6 24.5 20.6 2.3
3.1 3.8 6.9 13.6 14.6 11.8 10.6 1.0
1.3 3.0 2.7 7.1 9.5 4.6 6.5 1.0
0.9 1.1 1.4 3.2 5.6 3.4 2.2 1.0
CIFAR-100, FedAvgM
0
10
20
30
40
50
60
Accuracy
-3.0-2.5-2.0-1.5-1.0-0.5 0.0 0.5
Client Learning Rate (log10)
1.0
0.5
0.0
-0.5
-1.0
-1.5
-2.0
-2.5
-3.0Server Learning Rate (log10)
28.1 34.5 35.8 36.5 20.1 1.0 1.0 1.0
17.2 26.5 34.1 40.6 44.7 41.0 18.5 1.0
9.8 20.1 31.1 38.8 42.6 45.7 42.1 1.0
4.4 8.8 16.7 25.4 27.2 24.9 24.4 1.7
3.8 4.4 6.6 13.6 15.2 12.3 12.2 1.0
1.1 2.8 2.9 7.1 9.6 5.8 4.9 1.4
0.9 1.5 1.8 3.4 5.4 2.9 2.2 1.3
1.1 1.0 1.1 2.3 3.5 2.9 1.2 1.0
0.9 1.0 0.9 1.3 2.2 1.1 1.0 1.0
CIFAR-100, FedAvg
0
10
20
30
40
50
60
Accuracy
Figure 6: Validation accuracy (averaged over the last 100 rounds) of FEDADAGRAD , FEDADAM,
FEDYOGI, FEDAVGM, and FEDAVG for various client/server learning rates combination on the
CIFAR-100 task. For FEDADAGRAD , FEDADAM, and FEDYOGI, we setτ = 10−3.
-1.5-1.0-0.5 0.0 0.5 1.0 1.5 2.0
Client Learning Rate (log10)
1.0
0.5
0.0
-0.5
-1.0
-1.5
-2.0Server Learning Rate (log10)
2.9 3.1 2.9 2.9 2.8 2.7 2.8 2.8
2.9 2.8 2.9 2.8 2.8 2.7 2.7 2.9
2.8 2.9 3.0 2.9 2.9 2.7 2.8 2.9
3.0 3.0 2.9 2.8 2.7 2.8 2.8 2.8
2.9 2.9 2.9 3.0 2.9 2.7 2.8 2.9
1.7 1.7 2.7 1.7 0.7 0.5 0.4 1.2
1.7 1.7 1.7 1.3 0.9 0.7 0.7 1.7
EMNIST AE, FedAdagrad
0.0
0.5
1.0
1.5
2.0
2.5
3.0
Mean Squared Error (×100)
-1.5-1.0-0.5 0.0 0.5 1.0 1.5 2.0
Client Learning Rate (log10)
1.0
0.5
0.0
-0.5
-1.0
-1.5
-2.0Server Learning Rate (log10)
3.0 2.9 3.0 2.9 2.8 2.7 2.8 2.8
2.8 2.9 3.0 2.9 2.8 2.7 2.8 2.9
2.8 3.0 2.9 3.0 2.8 2.7 2.8 2.9
1.5 2.9 3.0 3.0 3.2 2.7 2.8 2.8
1.7 1.6 1.7 1.7 1.7 2.7 2.8 2.7
1.7 1.5 1.2 0.3 0.1 0.1 2.7 2.7
1.7 1.7 1.7 1.0 0.2 0.2 1.7 0.7
EMNIST AE, FedAdam
0.0
0.5
1.0
1.5
2.0
2.5
3.0
Mean Squared Error (×100)
-1.5-1.0-0.5 0.0 0.5 1.0 1.5 2.0
Client Learning Rate (log10)
1.0
0.5
0.0
-0.5
-1.0
-1.5
-2.0Server Learning Rate (log10)
3.0 2.9 2.9 2.9 2.8 2.7 2.9 2.8
2.9 2.9 3.0 2.9 2.8 2.7 2.8 2.8
2.9 2.8 2.9 2.9 2.9 2.7 2.7 3.0
1.7 2.9 3.0 3.0 3.4 2.7 2.8 3.0
1.6 1.7 1.7 1.7 1.7 2.7 2.8 2.8
1.7 1.5 1.4 0.3 0.1 0.1 2.7 2.8
1.7 1.7 1.7 1.0 0.2 0.2 1.7 1.0
EMNIST AE, FedYogi
0.0
0.5
1.0
1.5
2.0
2.5
3.0
Mean Squared Error (×100)
-1.5-1.0-0.5 0.0 0.5 1.0 1.5 2.0
Client Learning Rate (log10)
1.0
0.5
0.0
-0.5
-1.0
-1.5
-2.0Server Learning Rate (log10)
1.7 3.0 3.1 3.2 3.6 2.7 2.8 2.8
1.7 1.7 2.9 3.1 1.8 2.8 2.7 2.8
1.7 1.8 1.7 1.2 0.2 1.8 2.8 2.9
1.7 1.7 1.7 1.3 0.5 0.2 2.7 2.8
1.7 1.7 1.7 1.7 1.3 0.7 0.6 2.8
1.7 1.7 1.7 1.7 1.7 1.4 1.1 1.7
1.7 1.7 1.7 1.7 1.7 1.7 1.7 1.7
EMNIST AE, FedAvgM
0.0
0.5
1.0
1.5
2.0
2.5
3.0
Mean Squared Error (×100)
-1.5-1.0-0.5 0.0 0.5 1.0 1.5 2.0
Client Learning Rate (log10)
1.0
0.5
0.0
-0.5
-1.0
-1.5
-2.0Server Learning Rate (log10)
1.7 1.7 3.1 3.5 3.0 2.7 2.8 3.0
1.7 1.7 1.7 1.5 1.2 1.4 2.8 2.9
1.7 1.7 1.7 1.7 1.3 0.6 2.7 2.9
1.7 1.7 1.7 1.7 1.7 1.5 1.1 2.7
1.7 1.7 1.7 1.7 1.7 1.7 1.7 1.7
1.7 1.7 1.7 1.7 1.7 1.7 1.7 1.7
1.9 1.7 1.7 1.7 1.7 1.7 1.7 1.7
EMNIST AE, FedAvg
0.0
0.5
1.0
1.5
2.0
2.5
3.0
Mean Squared Error (×100)
Figure 7: Validation MSE (averaged over the last 100 rounds) of FEDADAGRAD , FEDADAM,
FEDYOGI, FEDAVGM, and FEDAVG for various client/server learning rates combination on the
EMNIST AE task. For FEDADAGRAD , FEDADAM, and FEDYOGI, we setτ = 10−3.
32