Published as a conference paper at ICLR 2021
-3.0-2.5-2.0-1.5-1.0-0.5 0.0 0.5
Client Learning Rate (log10)
1.0
0.5
0.0
-0.5
-1.0
-1.5
-2.0
-2.5
-3.0Server Learning Rate (log10)
5.0 5.0 5.0 5.1 0.8 0.9 4.9 2.6
4.9 4.9 3.1 4.9 5.1 5.1 5.5 5.4
5.3 5.3 5.3 5.3 5.3 5.3 5.1 5.6
66.9 5.6 5.6 5.6 5.6 5.6 4.9 5.1
84.5 84.3 84.9 83.8 5.6 5.6 5.6 5.6
83.1 83.9 84.6 85.1 85.1 78.9 5.6 5.2
77.9 81.2 82.7 83.8 83.8 52.0 5.6 5.2
65.8 74.9 78.8 79.9 80.5 30.2 10.0 5.2
40.2 53.1 65.1 70.0 71.1 14.5 5.7 5.6
EMNIST CR, FedAdagrad
0
10
20
30
40
50
60
70
80
90
Accuracy
-3.0-2.5-2.0-1.5-1.0-0.5 0.0 0.5
Client Learning Rate (log10)
1.0
0.5
0.0
-0.5
-1.0
-1.5
-2.0
-2.5
-3.0Server Learning Rate (log10)
4.4 4.5 4.8 3.3 4.4 3.6 5.1 0.4
4.9 4.7 4.6 4.8 0.7 2.0 4.7 5.1
4.7 4.8 5.0 4.8 4.7 4.7 4.6 5.1
5.3 4.9 77.6 4.9 4.8 4.6 5.1 5.0
85.1 85.6 83.4 4.6 74.1 5.3 5.1 5.1
83.1 85.0 84.5 85.0 5.3 67.2 5.6 5.6
79.1 82.0 84.0 85.3 85.4 34.7 5.1 5.1
69.9 79.0 82.3 84.2 85.2 5.1 5.1 1.4
29.9 67.9 78.4 82.0 83.3 57.1 0.5 0.7
EMNIST CR, FedAdam
0
10
20
30
40
50
60
70
80
90
Accuracy
-3.0-2.5-2.0-1.5-1.0-0.5 0.0 0.5
Client Learning Rate (log10)
1.0
0.5
0.0
-0.5
-1.0
-1.5
-2.0
-2.5
-3.0Server Learning Rate (log10)
4.2 4.7 4.5 4.2 4.5 4.0 4.4 4.5
4.9 4.7 4.4 4.8 4.9 4.8 4.8 4.7
4.7 4.8 5.0 4.7 4.7 5.1 4.8 5.0
4.9 4.9 75.3 4.8 4.9 4.8 4.9 4.5
84.9 85.7 83.9 81.4 74.6 5.3 5.6 5.5
83.3 84.9 84.9 85.1 5.6 76.1 5.6 5.5
79.2 82.1 84.2 85.3 5.5 68.7 5.6 5.1
68.7 79.3 82.2 84.2 85.0 81.5 5.6 5.6
35.4 66.0 78.7 81.7 83.6 70.3 4.9 2.1
EMNIST CR, FedYogi
0
10
20
30
40
50
60
70
80
90
Accuracy
-3.0-2.5-2.0-1.5-1.0-0.5 0.0 0.5
Client Learning Rate (log10)
1.0
0.5
0.0
-0.5
-1.0
-1.5
-2.0
-2.5
-3.0Server Learning Rate (log10)
85.6 83.1 4.8 4.8 4.6 2.8 5.1 3.4
84.3 85.5 84.6 72.7 4.8 4.5 4.6 4.6
81.2 83.7 84.2 84.6 4.9 4.8 4.2 4.8
74.9 80.5 83.5 85.2 84.9 4.9 5.0 5.2
45.7 75.1 81.0 83.6 85.1 5.3 5.1 5.3
23.0 46.8 74.9 80.7 83.4 5.6 5.1 5.5
9.3 15.7 48.9 73.6 79.9 81.7 5.1 5.1
5.2 5.1 13.4 30.6 69.2 5.6 5.3 5.1
5.6 5.3 7.9 10.0 33.0 5.1 5.1 5.1
EMNIST CR, FedAvgM
0
10
20
30
40
50
60
70
80
90
Accuracy
-3.0-2.5-2.0-1.5-1.0-0.5 0.0 0.5
Client Learning Rate (log10)
1.0
0.5
0.0
-0.5
-1.0
-1.5
-2.0
-2.5
-3.0Server Learning Rate (log10)
82.0 83.9 83.7 4.9 5.0 4.4 4.9 4.7
75.5 81.6 83.6 84.7 83.3 5.1 5.1 4.7
53.6 76.3 81.1 83.5 84.9 4.9 5.1 5.2
15.2 53.7 75.4 81.4 83.4 5.6 5.6 5.5
7.7 27.5 52.1 74.2 79.9 5.1 5.6 5.6
5.0 5.6 15.3 45.5 70.3 5.6 5.6 5.6
4.8 4.7 5.1 10.7 39.8 60.3 5.1 5.2
3.8 6.0 5.2 5.3 5.2 7.0 5.1 5.1
2.3 1.1 1.4 5.3 5.2 5.6 5.6 5.6
EMNIST CR, FedAvg
0
10
20
30
40
50
60
70
80
90
Accuracy
Figure 8: Validation accuracy (averaged over the last 100 rounds) of FEDADAGRAD , FEDADAM,
FEDYOGI, FEDAVGM, and FEDAVG for various client/server learning rates combination on the
EMNIST CR task. For FEDADAGRAD , FEDADAM, and FEDYOGI, we setτ = 10−3.
-3.0-2.5-2.0-1.5-1.0-0.5 0.0 0.5
Client Learning Rate (log10)
1.0
0.5
0.0
-0.5
-1.0
-1.5
-2.0
-2.5
-3.0Server Learning Rate (log10)
8.4 10.2 8.9 3.8 3.2 11.0 9.3 10.0
5.5 7.3 11.7 4.9 7.2 9.3 9.9 11.6
20.6 9.7 6.1 17.5 4.7 18.7 14.5 7.9
17.9 21.6 15.3 4.9 41.9 6.0 29.8 3.3
19.5 50.2 50.7 53.0 54.6 55.8 56.6 57.5
44.7 48.4 49.4 52.6 52.8 56.5 56.3 53.2
38.1 41.7 46.0 45.4 50.4 53.2 53.3 8.4
30.8 32.4 32.2 36.1 39.0 42.8 40.8 0.0
17.6 16.9 18.9 21.8 21.8 22.9 20.8 0.0
Shakespeare, FedAdagrad
0
10
20
30
40
50
60
Accuracy
-3.0-2.5-2.0-1.5-1.0-0.5 0.0 0.5
Client Learning Rate (log10)
1.0
0.5
0.0
-0.5
-1.0
-1.5
-2.0
-2.5
-3.0Server Learning Rate (log10)
0.0 0.2 9.2 8.7 12.0 0.3 0.0 0.0
0.0 8.0 11.2 5.0 8.3 0.0 0.0 0.0
0.0 9.7 10.2 6.6 6.6 11.0 0.0 0.0
16.9 7.3 4.6 8.2 21.8 24.8 24.8 34.3
39.4 18.2 31.0 31.8 41.6 42.6 38.6 0.0
53.6 54.5 53.5 51.2 46.9 54.2 54.6 56.4
50.9 54.8 54.5 54.4 55.5 56.3 56.6 57.0
43.1 47.6 50.6 53.5 55.2 56.5 57.0 0.0
39.0 40.5 45.2 48.0 52.3 54.9 55.4 0.0
Shakespeare, FedAdam
0
10
20
30
40
50
60
Accuracy
-3.0-2.5-2.0-1.5-1.0-0.5 0.0 0.5
Client Learning Rate (log10)
1.0
0.5
0.0
-0.5
-1.0
-1.5
-2.0
-2.5
-3.0Server Learning Rate (log10)
0.0 0.0 6.2 7.7 5.0 5.4 0.0 1.7
9.5 0.0 6.9 8.8 4.3 0.0 0.0 2.3
0.0 8.1 6.4 4.3 11.8 0.0 3.6 0.0
6.9 0.5 9.2 0.0 8.9 28.8 35.3 0.0
15.9 30.1 26.9 36.8 0.0 42.9 49.9 0.0
54.8 53.4 53.4 47.2 47.0 55.0 55.8 56.6
52.6 54.3 54.3 54.6 55.9 56.5 56.7 57.2
44.5 46.8 50.7 53.1 55.6 56.5 56.8 0.0
37.8 39.7 43.0 46.5 51.5 54.4 55.5 0.0
Shakespeare, FedYogi
0
10
20
30
40
50
60
Accuracy
-3.0-2.5-2.0-1.5-1.0-0.5 0.0 0.5
Client Learning Rate (log10)
1.0
0.5
0.0
-0.5
-1.0
-1.5
-2.0
-2.5
-3.0Server Learning Rate (log10)
44.4 38.8 7.8 7.5 7.7 0.0 0.1 0.1
40.3 47.9 51.6 52.5 50.1 24.8 10.9 9.5
36.9 43.6 49.4 53.4 55.1 56.3 53.6 37.2
29.0 36.2 43.7 50.1 54.1 56.5 56.7 52.3
18.2 27.8 36.8 44.3 51.2 55.6 57.3 52.5
14.1 18.9 27.6 37.0 44.5 52.0 56.0 55.3
0.7 12.8 19.6 28.8 37.4 44.9 51.4 48.6
0.0 1.5 12.4 19.9 28.4 35.9 43.5 5.4
0.0 1.2 1.6 3.4 20.1 27.8 34.4 18.1
Shakespeare, FedAvgM
0
10
20
30
40
50
60
Accuracy
-3.0-2.5-2.0-1.5-1.0-0.5 0.0 0.5
Client Learning Rate (log10)
1.0
0.5
0.0
-0.5
-1.0
-1.5
-2.0
-2.5
-3.0Server Learning Rate (log10)
34.4 39.2 45.5 47.5 9.5 11.6 0.0 0.0
29.0 36.0 44.1 50.1 53.4 55.6 54.2 13.9
18.1 29.7 37.7 45.2 52.0 55.8 56.9 52.7
12.8 21.2 29.2 37.5 45.6 52.3 56.0 56.9
1.7 11.7 18.9 29.1 37.1 45.2 51.8 54.7
0.0 2.7 12.1 18.9 29.0 36.8 44.3 48.6
0.0 0.0 2.1 15.1 20.0 28.7 34.9 40.5
4.8 0.0 0.0 0.0 8.9 18.4 25.1 5.6
4.9 0.0 0.0 0.0 0.0 7.3 18.4 19.5
Shakespeare, FedAvg
0
10
20
30
40
50
60
Accuracy
Figure 9: Validation accuracy (averaged over the last 100 rounds) of FEDADAGRAD , FEDADAM,
FEDYOGI, FEDAVGM, and FEDAVG for various client/server learning rates combination on the
Shakespeare task. For FEDADAGRAD , FEDADAM, and FEDYOGI, we setτ = 10−3.
33