Published as a conference paper at ICLR 2021
-1.0-0.5 0.0 0.5 1.0 1.5 2.0 2.5 3.0
Client Learning Rate (log10)
1.5
1.0
0.5
0.0
-0.5
-1.0
-1.5
-2.0Server Learning Rate (log10) 60.4 64.3 65.6 65.3 64.2 62.9 61.9 61.3 58.3
50.5 58.4 63.3 65.8 67.1 67.6 67.3 65.5 54.8
38.2 45.0 51.7 57.0 61.7 64.6 65.6 63.4 23.7
29.0 33.9 37.9 41.2 44.9 48.8 50.6 48.8 2.0
22.5 24.7 27.0 29.3 31.3 32.7 33.1 31.1 2.5
17.6 19.3 20.8 22.0 22.7 22.7 23.7 35.9 10.2
16.6 17.5 18.6 19.8 21.2 22.3 25.1 37.6 45.8
18.0 19.7 21.2 23.2 26.0 26.7 27.1 29.5 31.3
Stack Overflow LR, FedAdagrad
0
10
20
30
40
50
60
70
Recall@5 (×100)
-1.0-0.5 0.0 0.5 1.0 1.5 2.0 2.5 3.0
Client Learning Rate (log10)
1.5
1.0
0.5
0.0
-0.5
-1.0
-1.5
-2.0Server Learning Rate (log10) 34.5 38.4 40.5 42.5 46.1 47.8 48.9 49.4 50.3
33.8 41.7 47.5 49.5 48.9 47.3 48.3 49.6 51.5
29.6 38.7 48.1 53.4 54.4 53.4 52.8 53.3 54.6
27.0 34.6 43.9 53.8 59.4 61.8 61.8 60.7 54.8
22.5 28.6 36.1 44.7 54.2 60.7 64.0 63.6 39.5
21.0 23.6 28.7 34.7 40.6 47.5 52.7 54.2 7.0
19.2 21.0 23.2 26.4 30.5 33.9 36.2 36.5 1.2
15.6 17.2 19.2 21.1 22.7 24.1 25.2 32.1 3.8
Stack Overflow LR, FedAdam
0
10
20
30
40
50
60
70
Recall@5 (×100)
-1.0-0.5 0.0 0.5 1.0 1.5 2.0 2.5 3.0
Client Learning Rate (log10)
1.5
1.0
0.5
0.0
-0.5
-1.0
-1.5
-2.0Server Learning Rate (log10) 38.9 44.3 45.5 43.7 47.7 49.3 50.3 50.9 51.5
34.9 45.8 51.3 52.0 49.1 49.0 49.6 51.2 53.0
31.0 40.8 50.8 56.3 57.0 56.2 55.2 55.2 55.3
27.4 35.5 45.2 54.9 60.6 62.8 63.2 62.1 54.4
22.9 28.8 36.0 44.4 53.4 60.1 63.6 63.4 38.1
21.1 23.6 28.6 34.4 39.6 45.7 50.5 52.0 4.4
18.9 20.7 23.0 25.9 29.6 32.9 34.8 35.4 1.7
15.6 16.8 18.9 20.7 22.2 23.3 25.1 34.2 5.2
Stack Overflow LR, FedYogi
0
10
20
30
40
50
60
70
Recall@5 (×100)
-1.0-0.5 0.0 0.5 1.0 1.5 2.0 2.5 3.0
Client Learning Rate (log10)
1.5
1.0
0.5
0.0
-0.5
-1.0
-1.5
-2.0Server Learning Rate (log10) 16.1 19.7 20.0 15.2 13.3 13.3 12.4 15.1 17.3
17.4 16.1 19.7 22.0 20.0 18.0 13.8 16.3 14.2
18.1 17.4 17.0 21.6 24.8 25.5 23.9 20.4 19.7
18.4 18.1 17.5 18.6 22.5 29.0 36.9 31.1 25.4
17.8 18.4 18.4 18.2 21.0 25.8 34.0 36.6 23.5
15.4 17.8 18.3 18.2 18.9 23.7 29.1 29.0 16.6
15.3 15.4 17.8 18.2 17.8 19.4 24.0 21.2 6.1
15.2 15.3 15.4 16.7 17.4 17.5 19.4 14.4 0.8
Stack Overflow LR, FedAvgM
0
10
20
30
40
50
60
70
Recall@5 (×100)
-1.0-0.5 0.0 0.5 1.0 1.5 2.0 2.5 3.0
Client Learning Rate (log10)
1.5
1.0
0.5
0.0
-0.5
-1.0
-1.5
-2.0Server Learning Rate (log10) 18.3 18.1 15.0 14.1 11.7 10.6 7.6 10.8 9.3
18.3 18.3 18.3 15.4 12.5 10.8 12.8 10.4 13.4
17.2 18.3 18.3 18.6 20.9 21.1 23.6 23.3 23.5
15.4 17.2 18.3 18.4 19.3 24.5 30.0 30.7 16.4
15.3 15.4 17.2 18.1 18.3 19.8 23.6 22.3 5.5
15.2 15.3 15.4 17.0 16.7 17.2 19.1 15.5 1.3
15.3 15.2 15.3 15.4 15.4 15.4 15.0 11.7 0.0
15.3 15.2 15.2 15.4 15.4 15.4 14.7 9.3 0.2
Stack Overflow LR, FedAvg
0
10
20
30
40
50
60
70
Recall@5 (×100)
Figure 10: Validation recall@5 (averaged over the last 100 rounds) ofFEDADAGRAD , FEDADAM,
FEDYOGI, FEDAVGM, and FEDAVG for various client/server learning rates combination on the Stack
Overﬂow LR task. For F EDADAGRAD , FEDADAM, and FEDYOGI, we setτ = 10−3.
-3.0-2.5-2.0-1.5-1.0-0.5 0.0 0.5
Client Learning Rate (log10)
1.0
0.5
0.0
-0.5
-1.0
-1.5
-2.0
-2.5
-3.0Server Learning Rate (log10)
2.6 1.6 0.8 1.7 3.1 0.4 0.1 0.1
3.6 3.2 3.9 5.1 9.9 1.0 0.0 0.1
6.0 9.1 10.0 10.4 12.1 9.6 0.2 0.6
11.6 13.6 15.3 15.8 18.0 13.2 0.0 0.3
17.0 16.1 11.4 17.8 22.1 7.5 1.1 0.0
13.9 17.0 19.4 19.8 21.5 23.8 0.1 0.1
11.4 13.3 16.2 18.3 19.6 21.4 0.2 0.3
5.8 7.8 10.7 11.6 13.8 1.9 0.7 0.2
0.0 1.0 2.2 4.1 5.1 1.4 0.3 0.7
Stack Overflow NWP, FedAdagrad
0
5
10
15
20
25
30
Accuracy
-3.0-2.5-2.0-1.5-1.0-0.5 0.0 0.5
Client Learning Rate (log10)
1.0
0.5
0.0
-0.5
-1.0
-1.5
-2.0
-2.5
-3.0Server Learning Rate (log10)
2.1 2.1 1.2 0.1 0.3 0.0 0.0 0.0
2.2 1.6 1.2 0.6 0.5 0.0 0.0 0.0
1.6 1.7 1.1 1.7 2.1 0.6 0.0 0.0
0.6 1.7 5.6 4.0 5.8 3.2 0.0 0.0
3.8 19.7 13.2 15.0 17.4 6.2 0.0 0.0
23.0 22.9 23.3 22.7 23.2 23.1 0.0 0.0
20.3 21.4 22.4 23.5 24.7 25.2 0.0 0.0
17.1 18.7 20.1 22.2 23.8 24.7 0.0 0.0
11.9 14.6 16.7 19.3 21.7 20.3 0.0 0.0
Stack Overflow NWP, FedAdam
0
5
10
15
20
25
30
Accuracy
-3.0-2.5-2.0-1.5-1.0-0.5 0.0 0.5
Client Learning Rate (log10)
1.0
0.5
0.0
-0.5
-1.0
-1.5
-2.0
-2.5
-3.0Server Learning Rate (log10)
2.3 1.9 1.3 0.3 0.4 0.0 0.0 0.0
1.9 0.9 0.8 0.4 1.2 1.0 0.0 0.0
1.4 1.4 0.7 0.6 2.2 0.9 0.0 0.0
2.1 0.3 1.5 2.3 8.0 1.6 0.0 0.0
21.6 22.4 14.3 17.8 19.3 7.5 0.0 0.0
22.9 23.1 23.3 22.0 23.7 24.5 0.0 0.0
20.3 21.4 22.2 23.6 24.7 25.2 0.0 0.0
16.8 18.5 19.5 21.9 23.9 24.5 0.0 0.0
12.1 14.3 16.5 18.9 21.1 22.2 0.2 0.0
Stack Overflow NWP, FedYogi
0
5
10
15
20
25
30
Accuracy
-3.0-2.5-2.0-1.5-1.0-0.5 0.0 0.5
Client Learning Rate (log10)
1.0
0.5
0.0
-0.5
-1.0
-1.5
-2.0
-2.5
-3.0Server Learning Rate (log10)
15.0 1.6 0.6 0.0 2.3 1.7 0.7 1.4
10.3 15.3 19.2 21.6 22.9 0.0 0.7 0.0
7.0 10.5 16.2 20.0 22.3 23.8 0.4 0.0
5.6 7.0 10.7 16.1 19.9 19.2 0.2 1.6
0.5 5.6 7.1 10.5 15.5 19.4 0.1 0.0
0.0 0.5 5.5 7.2 10.2 14.6 2.4 2.2
0.0 0.0 0.9 5.5 7.0 10.1 0.0 1.4
0.0 0.0 0.0 1.2 5.4 6.9 1.1 0.0
0.0 0.0 0.0 0.0 0.6 5.0 1.3 0.0
Stack Overflow NWP, FedAvgM
0
5
10
15
20
25
30
Accuracy
-3.0-2.5-2.0-1.5-1.0-0.5 0.0 0.5
Client Learning Rate (log10)
1.0
0.5
0.0
-0.5
-1.0
-1.5
-2.0
-2.5
-3.0Server Learning Rate (log10)
5.8 8.9 0.3 1.2 1.6 0.3 2.4 1.0
5.7 5.2 8.1 12.4 16.5 0.0 2.7 0.0
1.0 5.6 7.2 11.1 16.1 19.5 0.5 2.2
0.0 1.2 5.5 7.1 10.7 15.1 1.0 0.5
0.0 0.0 0.9 5.5 7.0 10.3 1.1 1.3
0.0 0.0 0.0 1.6 5.5 7.0 1.7 0.0
0.0 0.0 0.0 0.0 0.8 5.2 0.7 0.0
0.0 0.0 0.0 0.0 0.0 1.2 5.4 0.0
0.0 0.0 0.0 0.0 0.0 0.0 1.9 0.2
Stack Overflow NWP, FedAvg
0
5
10
15
20
25
30
Accuracy
Figure 11: Validation accuracy (averaged over the last 100 rounds) ofFEDADAGRAD , FEDADAM,
FEDYOGI, FEDAVGM, and FEDAVG for various client/server learning rates combination on the Stack
Overﬂow NWP task. For F EDADAGRAD , FEDADAM, and FEDYOGI, we setτ = 10−3.
34